0.8032865 0.0069554 -0.0030727 0.0059672 0.0102172 0.0107850 0.0137360 0.0141800 0.0128153 0.0081310 0.0072725 0.0094469 -0.0020377 0.0088107 0.0105840 0.0091768 0.0105149 0.0087652 0.0080880 0.0088816 0.0112664 0.0098909 0.0102221 0.0097952 0.0107080 0.0078324 0.0155073 0.0082231 0.0115751 0.0101524 0.0104436 0.0045219 0.0041896 0.0071403 0.0018929 0.0044810 0.0070374 0.0027961 0.0031021 0.0019603 0.0022866 0.0112280 0.0102232 0.0081788 0.0107948 0.0029011 0.0028049 0.0016737 0.0029681 0.0019070 0.0018584 0.0025230 0.0091624 0.0078574 0.0111685 0.0093077 0.0077175 0.0081837 0.0097283 0.0091492 0.0086870 0.0081696 0.0065025 0.0070311 0.0020832 0.0068780 0.0026560 0.0079895 0.0129086 0.0108207 0.0025618 0.0121239 0.0043869 0.0135595 0.0107511 0.0120756 0.0102021 0.0116651 0.0124249 0.0107025 0.0142207 0.0114764 -0.0067517 -0.0175483 -0.0139935 -0.0150367 -0.0075429 -0.0149667 -0.0069776 -0.0000298 -0.0303906 -0.0312302 -0.0233328 -0.0253964 -0.0316281 -0.0307465 -0.0294509 -0.0369792 -0.0328706 -0.0302433 -0.0358630 -0.0331244 -0.0302445 -0.0273487 -0.0354206 -0.0196285 -0.0210158 -0.0235851 -0.0214403 -0.0272580 -0.0239412 -0.0241778 -0.0204222 -0.0081730 -0.0079251 -0.0074019 -0.0062795 -0.0093351 -0.0082924 0.0069677 -0.0066271 -0.0070525 -0.0061687 -0.0070934 -0.0070754 -0.0043155 -0.0073762 0.0013610 -0.0004286 0.0002993 -0.0011161 0.0008433 -0.0014800 -0.0005035 0.0000383 -0.0007228 0.0000112 -0.0026605 -0.0029611 -0.0023963 -0.0099208 -0.0061594 -0.0020699
0.0069554 0.7991760 0.0119227 0.0079556 0.0029956 0.0024881 0.0049108 0.0045061 0.0040248 -0.0052713 -0.0042668 -0.0031302 -0.0117870 -0.0051373 -0.0013157 -0.0034252 -0.0018781 -0.0053096 -0.0038938 -0.0047133 -0.0015363 -0.0042986 -0.0012795 -0.0033813 -0.0018376 -0.0049284 0.0028158 0.0005320 0.0066138 0.0009389 0.0019196 0.0130890 0.0108315 0.0037894 0.0092496 0.0096136 -0.0015772 0.0082421 0.0095217 0.0077783 0.0078965 0.0010891 0.0004429 0.0036585 0.0037249 0.0090127 0.0107164 0.0070779 0.0105765 0.0117658 0.0121370 0.0105018 -0.0002420 0.0023267 0.0011853 0.0011269 -0.0003713 0.0023388 0.0010435 0.0004120 0.0007015 -0.0003870 0.0072358 0.0162080 0.0008857 0.0148036 0.0014850 0.0021522 0.0037834 0.0030353 0.0007937 0.0036703 0.0014153 0.0037353 -0.0023109 -0.0013253 -0.0025875 -0.0015438 -0.0010331 -0.0012821 0.0027741 -0.0003221 -0.0033790 -0.0070121 -0.0043811 -0.0053226 -0.0028332 -0.0055699 -0.0186553 -0.0000265 -0.0172422 -0.0174423 -0.0117829 -0.0141690 -0.0180716 -0.0196095 -0.0160035 -0.0226980 -0.0188090 -0.0151939 -0.0216940 -0.0186569 -0.0168677 -0.0136168 -0.0207891 -0.0094224 -0.0099315 -0.0125304 -0.0102951 -0.0159586 -0.0116783 -0.0133152 -0.0097873 -0.0109672 -0.0097628 -0.0110463 -0.0111527 -0.0106511 -0.0114044 0.0013418 -0.0052220 -0.0039181 -0.0033776 -0.0062810 -0.0062782 -0.0066858 -0.0061329 -0.0091340 -0.0114301 -0.0105486 -0.0128477 -0.0102786 -0.0123109 -0.0114628 -0.0109248 -0.0111719 -0.0110597 -0.0090204 -0.0086473 -0.0071935 -0.0062246 -0.0072549 -0.0071690
-0.0030727 0.0119227 0.9192970 0.0029938 -0.0170258 -0.0144888 -0.0117441 -0.0124244 -0.0157322 -0.0228963 -0.0228049 -0.0197732 -0.0000430 -0.0214574 -0.0178417 -0.0203283 -0.0188265 -0.0231334 -0.0213927 -0.0234425 -0.0175849 -0.0208714 -0.0154854 -0.0204761 -0.0185614 -0.0226512 -0.0330364 -0.0127441 0.0010374 -0.0137083 -0.0122537 0.0152220 0.0112187 -0.0010919 0.0115007 0.0075259 -0.0161471 0.0093624 0.0133917 0.0095632 0.0082299 -0.0122215 -0.0122929 -0.0024249 -0.0009697 0.0113120 0.0131343 0.0096566 0.0136851 0.0183972 0.0170178 0.0133210 -0.0130122 -0.0040970 -0.0138194 -0.0126197 -0.0131325 -0.0048295 -0.0116007 -0.0122661 -0.0129798 -0.0141461 0.0016604 0.0133590 -0.0009341 0.0140932 -0.0007219 -0.0035257 -0.0077096 -0.0157625 -0.0014099 -0.0069824 -0.0023196 -0.0091322 -0.0219495 -0.0209692 -0.0231490 -0.0219408 -0.0220544 -0.0220474 -0.0119308 -0.0184036 -0.0030689 -0.0012243 0.0016906 -0.0014941 -0.0002172 -0.0038142 -0.0276458 -0.0000340 -0.0122076 -0.0115973 -0.0050380 -0.0076352 -0.0124995 -0.0152438 -0.0095391 -0.0182807 -0.0119734 -0.0067533 -0.0168903 -0.0127084 -0.0119402 -0.0080713 -0.0145837 -0.0034393 -0.0028293 -0.0067091 -0.0061734 -0.0101060 -0.0070181 -0.0084927 -0.0016462 -0.0086082 -0.0071301 -0.0083374 -0.0081236 -0.0081946 -0.0070154 -0.0058003 -0.0018175 0.0007896 -0.0002698 -0.0038488 -0.0025338 -0.0049199 -0.0031602 -0.0226138 -0.0256396 -0.0221043 -0.0258397 -0.0235440 -0.0258031 -0.0246580 -0.0231983 -0.0227740 -0.0235351 -0.0088873 -0.0076239 -0.0054341 -0.0026973 -0.0044240 -0.0070552
0.0059672 0.0079556 0.0029938 0.8578043 0.0140404 0.0134348 0.0151429 0.0154251 0.0145894 0.0115654 0.0122994 0.0126918 0.0041309 0.0118426 0.0128531 0.0122768 0.0133158 0.0121415 0.0127321 0.0125766 0.0129327 0.0126388 0.0113018 0.0125916 0.0131496 0.0125036 0.0216426 0.0115481 0.0053556 0.0117009 0.0125682 0.0048434 0.0049948 0.0035630 0.0033999 0.0048516 0.0105272 0.0038141 0.0043067 0.0032252 0.0029352 0.0118139 0.0113464 0.0048345 0.0027506 0.0048231 0.0047846 0.0028260 0.0045650 0.0051762 0.0042939 0.0043205 0.0111206 0.0060979 0.0119907 0.0110453 0.0107209 0.0064737 0.0112641 0.0107123 0.0117273 0.0099656 0.0075282 0.0085572 0.0020248 0.0079860 0.0027074 0.0050508 0.0127217 0.0130892 0.0025056 0.0119625 0.0042336 0.0132453 0.0133387 0.0132981 0.0133184 0.0138308 0.0137686 0.0134623 0.0145337 0.0134866 -0.0080865 -0.0142057 -0.0123864 -0.0126907 -0.0078342 -0.0131426 -0.0004983 0.0000005 -0.0248403 -0.0250210 -0.0184575 -0.0212377 -0.0252931 -0.0248769 -0.0226318 -0.0295090 -0.0270324 -0.0253711 -0.0297772 -0.0269093 -0.0231376 -0.0221457 -0.0293543 -0.0167600 -0.0175642 -0.0192138 -0.0168293 -0.0221269 -0.0191089 -0.0196024 -0.0158258 -0.0114386 -0.0108508 -0.0117519 -0.0115377 -0.0121045 -0.0115998 0.0070990 -0.0085311 -0.0080959 -0.0072080 -0.0095601 -0.0093227 -0.0078949 -0.0089971 0.0055628 0.0047614 0.0051900 0.0037300 0.0055239 0.0045336 0.0050960 0.0049266 0.0044171 0.0047911 -0.0085760 -0.0089357 -0.0077537 -0.0106125 -0.0089081 -0.0070113
0.0102172 0.0029956 -0.0170258 0.0140404 0.8025334 0.0749774 0.0745152 0.0693675 0.0707639 0.0563226 0.0571576 0.0602720 0.0613199 0.0570042 0.0587259 0.0563955 0.0617916 0.0551363 0.0549527 0.0563839 0.0595146 0.0570675 0.0623059 0.0602460 0.0590951 0.0556383 0.0662995 0.0627677 0.0073305 0.0503076 0.0650099 -0.0049562 -0.0039638 0.0064669 -0.0047823 0.0014558 0.0667580 -0.0014748 -0.0019585 -0.0031895 -0.0039032 0.0510171 0.0517692 0.0142568 0.0016399 -0.0001304 -0.0030542 -0.0025004 -0.0038905 -0.0067982 -0.0070283 -0.0050383 0.0478348 0.0204893 0.0513326 0.0463171 0.0472150 0.0223640 0.0487243 0.0443492 0.0489930 0.0430652 0.0176672 0.0054834 0.0083578 0.0043609 0.0101413 0.0172762 0.0574188 0.0717078 0.0111476 0.0538605 0.0184780 0.0587164 0.0611194 0.0595237 0.0585932 0.0631512 0.0636539 0.0587571 0.0659391 0.0626110 -0.0379669 -0.0586081 -0.0545302 -0.0567308 -0.0380021 -0.0560442 0.0204101 -0.0000032 -0.0860911 -0.0874199 -0.0713326 -0.0769712 -0.0883646 -0.0851176 -0.0827500 -0.0985034 -0.0960903 -0.0949114 -0.1009083 -0.0953160 -0.0815981 -0.0823228 -0.1012565 -0.0666081 -0.0712788 -0.0740911 -0.0674923 -0.0797200 -0.0729333 -0.0731487 -0.0662027 -0.0446623 -0.0428868 -0.0442092 -0.0446111 -0.0456010 -0.0453704 0.0325903 -0.0362400 -0.0347597 -0.0314236 -0.0381317 -0.0379887 -0.0313859 -0.0371414 0.0372355 0.0372088 0.0392761 0.0332335 0.0354333 0.0359736 0.0357683 0.0364579 0.0357543 0.0335498 -0.0328764 -0.0317805 -0.0306991 -0.0456422 -0.0365189 -0.0266166
0.0107850 0.0024881 -0.0144888 0.0134348 0.0749774 0.8338395 0.0672010 0.0677186 0.0708783 0.0620197 0.0636791 0.0633389 0.0557490 0.0617436 0.0621729 0.0620144 0.0643479 0.0605558 0.0609230 0.0614922 0.0622651 0.0642842 0.0618638 0.0629260 0.0642449 0.0626706 0.0683402 0.0631075 0.0081805 0.0544117 0.0630124 -0.0036623 -0.0037220 0.0077588 -0.0043146 0.0022345 0.0631333 -0.0016010 -0.0013373 -0.0023653 -0.0024893 0.0525730 0.0538734 0.0152910 0.0029837 0.0002469 -0.0015086 -0.0013916 -0.0033985 -0.0049915 -0.0057947 -0.0030323 0.0512371 0.0221448 0.0517816 0.0504674 0.0515766 0.0244203 0.0513125 0.0482446 0.0536045 0.0462502 0.0167726 0.0043332 0.0084040 0.0042710 0.0100995 0.0204189 0.0573347 0.0707453 0.0111668 0.0538093 0.0184098 0.0588355 0.0631581 0.0636325 0.0609855 0.0654131 0.0639760 0.0650613 0.0690934 0.0636946 -0.0385237 -0.0597418 -0.0557314 -0.0571244 -0.0385408 -0.0571197 0.0264778 -0.0000092 -0.0877662 -0.0892157 -0.0709370 -0.0784048 -0.0896959 -0.0866209 -0.0837333 -0.1014709 -0.0980990 -0.0960756 -0.1038432 -0.0973949 -0.0826253 -0.0839424 -0.1038271 -0.0669310 -0.0717115 -0.0747814 -0.0666403 -0.0812936 -0.0727735 -0.0742567 -0.0654606 -0.0435702 -0.0410468 -0.0427871 -0.0422703 -0.0436049 -0.0421016 0.0327151 -0.0359551 -0.0339757 -0.0314733 -0.0375695 -0.0367683 -0.0302599 -0.0363760 0.0400854 0.0387115 0.0407887 0.0362164 0.0398851 0.0402944 0.0402385 0.0392549 0.0398675 0.0388787 -0.0306678 -0.0300323 -0.0293510 -0.0450375 -0.0350915 -0.0249500
0.0137360 0.0049108 -0.0117441 0.0151429 0.0745152 0.0672010 0.8556932 0.0681576 0.0718204 0.0690518 0.0705733 0.0695221 0.0542375 0.0690764 0.0673125 0.0689349 0.0703149 0.0703433 0.0703880 0.0699323 0.0674689 0.0699629 0.0623732 0.0694624 0.0687523 0.0694619 0.0836761 0.0607851 0.0105230 0.0567032 0.0618192 -0.0016379 -0.0014080 0.0105845 -0.0028615 0.0039719 0.0610826 0.0005143 0.0003912 -0.0006902 -0.0015120 0.0565300 0.0558738 0.0177354 0.0051271 0.0024502 0.0008386 -0.0005522 -0.0011617 -0.0025334 -0.0035705 -0.0018771 0.0545991 0.0243254 0.0562076 0.0538207 0.0534743 0.0268189 0.0537398 0.0515445 0.0565046 0.0510826 0.0186677 0.0073216 0.0086649 0.0065025 0.0102991 0.0231140 0.0574348 0.0652719 0.0111695 0.0538726 0.0185910 0.0596463 0.0693956 0.0690713 0.0692878 0.0715111 0.0708339 0.0689861 0.0681515 0.0690771 -0.0363353 -0.0600328 -0.0551206 -0.0562198 -0.0370089 -0.0565699 0.0325156 0.0000141 -0.0911582 -0.0928256 -0.0719369 -0.0798705 -0.0938374 -0.0901119 -0.0866666 -0.1080712 -0.1023631 -0.0997200 -0.1095476 -0.1020317 -0.0861324 -0.0862607 -0.1086511 -0.0668406 -0.0715622 -0.0752506 -0.0666191 -0.0825711 -0.0735113 -0.0748687 -0.0657920 -0.0390442 -0.0372807 -0.0388184 -0.0390753 -0.0405389 -0.0388844 0.0331754 -0.0338573 -0.0324072 -0.0302670 -0.0352924 -0.0350168 -0.0273394 -0.0341514 0.0459923 0.0468521 0.0460691 0.0441398 0.0468264 0.0461262 0.0463853 0.0450505 0.0440868 0.0445460 -0.0273750 -0.0277642 -0.0269062 -0.0431483 -0.0330131 -0.0220038
0.0141800 0.0045061 -0.0124244 0.0154251 0.0693675 0.0677186 0.0681576 0.8593965 0.1133049 0.0699732 0.0720523 0.0717497 0.0541245 0.0706927 0.0686377 0.0701897 0.0722884 0.0718271 0.0716165 0.0721083 0.0691579 0.0715981 0.0637292 0.0714973 0.0708779 0.0711283 0.0847235 0.0616847 0.0108372 0.0580453 0.0629769 -0.0018085 -0.0014587 0.0111295 -0.0028168 0.0038770 0.0621352 0.0004627 0.0001908 -0.0008919 -0.0017562 0.0580737 0.0576838 0.0182567 0.0050722 0.0023315 0.0006912 -0.0006851 -0.0011337 -0.0030237 -0.0034694 -0.0020803 0.0560699 0.0248491 0.0577046 0.0550929 0.0556123 0.0272533 0.0554550 0.0531497 0.0575317 0.0521639 0.0189953 0.0071453 0.0088584 0.0065681 0.0105446 0.0235185 0.0587450 0.0661736 0.0114451 0.0551991 0.0190578 0.0611019 0.0708205 0.0705332 0.0706158 0.0732582 0.0724554 0.0707241 0.0698503 0.0702496 -0.0375060 -0.0609802 -0.0563346 -0.0577727 -0.0379203 -0.0576310 0.0327213 0.0000071 -0.0933954 -0.0950528 -0.0738138 -0.0815981 -0.0959578 -0.0923027 -0.0886798 -0.1102968 -0.1047000 -0.1021429 -0.1121615 -0.1045244 -0.0875803 -0.0883496 -0.1112326 -0.0681643 -0.0732708 -0.0769078 -0.0684322 -0.0846969 -0.0752166 -0.0767922 -0.0673308 -0.0395868 -0.0382307 -0.0394193 -0.0396541 -0.0412048 -0.0394969 0.0340313 -0.0347510 -0.0333317 -0.0309311 -0.0362446 -0.0356970 -0.0282049 -0.0351271 0.0468798 0.0477468 0.0468884 0.0446107 0.0481785 0.0474366 0.0478441 0.0457692 0.0449647 0.0456808 -0.0281393 -0.0282971 -0.0277177 -0.0443508 -0.0336759 -0.0226530
0.0128153 0.0040248 -0.0157322 0.0145894 0.0707639 0.0708783 0.0718204 0.1133049 0.8451022 0.0634066 0.0643302 0.0667302 0.0558917 0.0642581 0.0635244 0.0631638 0.0672399 0.0637919 0.0641842 0.0652129 0.0642786 0.0645865 0.0636305 0.0651202 0.0655095 0.0627276 0.0751198 0.0624841 0.0089907 0.0546514 0.0633332 -0.0029018 -0.0023654 0.0093306 -0.0041455 0.0033036 0.0631770 -0.0004445 -0.0005730 -0.0016138 -0.0027944 0.0556474 0.0548764 0.0166325 0.0031323 0.0014344 -0.0000406 -0.0012321 -0.0017189 -0.0042376 -0.0043467 -0.0034604 0.0530371 0.0225008 0.0543289 0.0508600 0.0516213 0.0246668 0.0527952 0.0494144 0.0541656 0.0490048 0.0180446 0.0070036 0.0087038 0.0061903 0.0103974 0.0217985 0.0583554 0.0676186 0.0113469 0.0547821 0.0188495 0.0601749 0.0646052 0.0646385 0.0642481 0.0678091 0.0675027 0.0652875 0.0681062 0.0660373 -0.0381348 -0.0600413 -0.0556501 -0.0572675 -0.0382837 -0.0568433 0.0252214 -0.0000028 -0.0896622 -0.0917975 -0.0723483 -0.0793769 -0.0924217 -0.0885979 -0.0861211 -0.1045966 -0.1009016 -0.0992308 -0.1066681 -0.0997254 -0.0855481 -0.0858921 -0.1066285 -0.0672958 -0.0722138 -0.0756858 -0.0687658 -0.0825657 -0.0744440 -0.0753024 -0.0665301 -0.0422648 -0.0414805 -0.0424629 -0.0426477 -0.0448291 -0.0426093 0.0334513 -0.0359546 -0.0345041 -0.0314490 -0.0376205 -0.0377450 -0.0309635 -0.0369065 0.0404339 0.0413110 0.0413077 0.0389133 0.0418986 0.0412964 0.0408496 0.0403866 0.0398072 0.0393336 -0.0312151 -0.0301713 -0.0297348 -0.0451188 -0.0354413 -0.0245726
0.0081310 -0.0052713 -0.0228963 0.0115654 0.0563226 0.0620197 0.0690518 0.0699732 0.0634066 0.8791705 0.0864694 0.0811391 0.0535832 0.0798148 0.0767774 0.0784372 0.0841757 0.0923752 0.0803293 0.0916681 0.0771895 0.0823330 0.0664192 0.0811551 0.0827332 0.0919350 0.0867676 0.0628484 0.0054155 0.0566656 0.0631684 -0.0090838 -0.0081638 0.0073973 -0.0094687 -0.0012927 0.0577602 -0.0048206 -0.0057343 -0.0051212 -0.0069047 0.0572098 0.0568994 0.0144849 0.0013397 -0.0031438 -0.0055745 -0.0044695 -0.0075719 -0.0106664 -0.0108203 -0.0085863 0.0533886 0.0230207 0.0562358 0.0530876 0.0520481 0.0240187 0.0541771 0.0507061 0.0570576 0.0513606 0.0161396 -0.0029115 0.0094713 -0.0022174 0.0112428 0.0201010 0.0652335 0.0601509 0.0127955 0.0614004 0.0211645 0.0680996 0.0785036 0.0789718 0.0772488 0.0793747 0.0778271 0.0775788 0.0772562 0.0771133 -0.0454196 -0.0683794 -0.0644594 -0.0668501 -0.0451047 -0.0660899 0.0318130 -0.0000002 -0.0968162 -0.0987857 -0.0803663 -0.0861474 -0.1003692 -0.0950657 -0.0945428 -0.1112915 -0.1095250 -0.1085149 -0.1145156 -0.1077654 -0.0918261 -0.0936983 -0.1154697 -0.0749700 -0.0807767 -0.0829297 -0.0753153 -0.0893769 -0.0816067 -0.0809699 -0.0740785 -0.0461454 -0.0455690 -0.0462501 -0.0470517 -0.0495170 -0.0469760 0.0373002 -0.0412485 -0.0392191 -0.0359829 -0.0426078 -0.0420467 -0.0343496 -0.0409975 0.0568753 0.0530002 0.0538675 0.0509912 0.0545648 0.0527236 0.0558734 0.0508093 0.0494125 0.0514295 -0.0351386 -0.0337693 -0.0332741 -0.0512947 -0.0389947 -0.0275161
0.0072725 -0.0042668 -0.0228049 0.0122994 0.0571576 0.0636791 0.0705733 0.0720523 0.0643302 0.0864694 0.9165036 0.0894638 0.0452868 0.0800705 0.0795712 0.0847454 0.0912993 0.0942511 0.0917060 0.0950945 0.0828306 0.0856571 0.0663750 0.0966425 0.0850167 0.0928799 0.0976849 0.0632229 0.0055813 0.0559053 0.0639206 -0.0116448 -0.0094698 0.0065328 -0.0088374 -0.0016751 0.0552584 -0.0053686 -0.0062949 -0.0060851 -0.0067360 0.0587535 0.0582321 0.0146017 0.0016045 -0.0041265 -0.0055146 -0.0052108 -0.0089021 -0.0107513 -0.0127284 -0.0084866 0.0540720 0.0227791 0.0571026 0.0540693 0.0540077 0.0260597 0.0560300 0.0517052 0.0567766 0.0489903 0.0168200 -0.0019660 0.0097577 -0.0026858 0.0114983 0.0223399 0.0666095 0.0605351 0.0131158 0.0628476 0.0217007 0.0696430 0.0782989 0.0787016 0.0777607 0.0811623 0.0784392 0.0801573 0.0791691 0.0775992 -0.0458463 -0.0701792 -0.0661080 -0.0676649 -0.0459710 -0.0671970 0.0338300 0.0000001 -0.0985080 -0.1009057 -0.0810482 -0.0886659 -0.1014662 -0.0975419 -0.0955038 -0.1149550 -0.1114016 -0.1106808 -0.1175890 -0.1108777 -0.0934711 -0.0963660 -0.1174927 -0.0771535 -0.0828445 -0.0856120 -0.0758881 -0.0915231 -0.0829427 -0.0839664 -0.0755299 -0.0479977 -0.0453991 -0.0464958 -0.0486680 -0.0488636 -0.0469087 0.0382421 -0.0415374 -0.0394009 -0.0372713 -0.0432194 -0.0430805 -0.0340543 -0.0416715 0.0553876 0.0553202 0.0540228 0.0540176 0.0544458 0.0554280 0.0576526 0.0525968 0.0521385 0.0526483 -0.0346355 -0.0344696 -0.0335666 -0.0525867 -0.0402507 -0.0279555
0.0094469 -0.0031302 -0.0197732 0.0126918 0.0602720 0.0633389 0.0695221 0.0717497 0.0667302 0.0811391 0.0894638 0.9229798 0.0506819 0.0793176 0.0784629 0.0837317 0.0855315 0.0856428 0.0839949 0.0875873 0.0777280 0.0836152 0.0678353 0.1021795 0.0820646 0.0900109 0.0932494 0.0645695 0.0063690 0.0577039 0.0641961 -0.0078362 -0.0070525 0.0087904 -0.0082712 -0.0003385 0.0601331 -0.0036992 -0.0042187 -0.0047929 -0.0059462 0.0585763 0.0588834 0.0158281 0.0021076 -0.0015918 -0.0050805 -0.0042718 -0.0059014 -0.0091694 -0.0102874 -0.0071346 0.0540480 0.0225744 0.0574327 0.0547589 0.0536735 0.0256559 0.0554146 0.0516827 0.0580096 0.0505102 0.0171598 0.0000474 0.0096524 -0.0002093 0.0114121 0.0242520 0.0654891 0.0625256 0.0128483 0.0615791 0.0212483 0.0683065 0.0775180 0.0788450 0.0776029 0.0821068 0.0801878 0.0775213 0.0781092 0.0790251 -0.0451948 -0.0690086 -0.0644015 -0.0665227 -0.0450566 -0.0659744 0.0337709 -0.0000096 -0.0982197 -0.1003818 -0.0811456 -0.0883466 -0.1019738 -0.0967881 -0.0950619 -0.1140355 -0.1116867 -0.1099173 -0.1172921 -0.1100276 -0.0931915 -0.0956202 -0.1176818 -0.0753447 -0.0809136 -0.0834601 -0.0752424 -0.0908842 -0.0827969 -0.0827199 -0.0748428 -0.0460965 -0.0444480 -0.0448288 -0.0456021 -0.0476564 -0.0468604 0.0376078 -0.0407083 -0.0388104 -0.0361318 -0.0413684 -0.0419049 -0.0331520 -0.0412086 0.0536360 0.0579104 0.0537356 0.0496748 0.0553106 0.0527312 0.0548178 0.0534386 0.0504990 0.0519597 -0.0340980 -0.0336365 -0.0324010 -0.0508807 -0.0394895 -0.0264122
-0.0020377 -0.0117870 -0.0000430 0.0041309 0.0613199 0.0557490 0.0542375 0.0541245 0.0558917 0.0535832 0.0452868 0.0506819 0.9523630 0.0453876 0.0495795 0.0476680 0.0520604 0.0440254 0.0458094 0.0482525 0.0489775 0.0466107 0.0581569 0.0503777 0.0513071 0.0420914 0.0368554 0.0591976 -0.0053207 0.0397227 0.0569784 -0.0144956 -0.0119736 0.0009939 -0.0117218 -0.0059760 0.0610869 -0.0081240 -0.0091250 -0.0079058 -0.0090037 0.0404149 0.0415410 0.0065171 -0.0050804 -0.0059779 -0.0098774 -0.0076005 -0.0113283 -0.0136327 -0.0144212 -0.0112578 0.0377126 0.0124036 0.0392740 0.0366970 0.0366297 0.0135746 0.0375399 0.0348172 0.0388996 0.0354161 0.0082313 -0.0100693 0.0068006 -0.0100152 0.0080561 0.0102653 0.0495190 0.0562717 0.0096762 0.0465351 0.0157237 0.0497104 0.0446502 0.0468836 0.0440302 0.0471764 0.0463439 0.0454638 0.0556435 0.0497871 -0.0381370 -0.0536440 -0.0509649 -0.0537704 -0.0375380 -0.0530030 0.0251240 -0.0000326 -0.0725504 -0.0752885 -0.0610119 -0.0661712 -0.0758279 -0.0713644 -0.0715692 -0.0830297 -0.0819903 -0.0822238 -0.0865705 -0.0814257 -0.0700763 -0.0721011 -0.0864734 -0.0582877 -0.0625527 -0.0648717 -0.0589209 -0.0690743 -0.0638302 -0.0644913 -0.0591658 -0.0386183 -0.0391168 -0.0400755 -0.0387077 -0.0392982 -0.0371191 0.0281868 -0.0335018 -0.0313228 -0.0290757 -0.0344145 -0.0338122 -0.0284348 -0.0331062 0.0334023 0.0308840 0.0372141 0.0358130 0.0323906 0.0362751 0.0347621 0.0318149 0.0330555 0.0317088 -0.0300987 -0.0301911 -0.0282773 -0.0416025 -0.0331856 -0.0235810
0.0088107 -0.0051373 -0.0214574 0.0118426 0.0570042 0.0617436 0.0690764 0.0706927 0.0642581 0.0798148 0.0800705 0.0793176 0.0453876 0.9219015 0.0818281 0.0908307 0.0898831 0.0872575 0.0878779 0.0885251 0.0839610 0.0888825 0.0640903 0.0839165 0.0841770 0.0882645 0.0937760 0.0619094 0.0058804 0.0568289 0.0628600 -0.0093097 -0.0079955 0.0076234 -0.0079999 -0.0007672 0.0567471 -0.0042716 -0.0049903 -0.0048896 -0.0063907 0.0587575 0.0591535 0.0149356 0.0012901 -0.0027369 -0.0053898 -0.0046961 -0.0066465 -0.0097957 -0.0109377 -0.0083328 0.0559199 0.0222070 0.0573033 0.0523800 0.0542737 0.0257638 0.0551530 0.0521157 0.0574813 0.0501730 0.0169687 -0.0022113 0.0096333 -0.0014125 0.0113729 0.0218710 0.0656318 0.0604144 0.0129018 0.0618183 0.0213404 0.0686870 0.0790927 0.0778424 0.0768076 0.0820580 0.0801392 0.0769909 0.0783022 0.0769513 -0.0451136 -0.0694778 -0.0653423 -0.0669165 -0.0451455 -0.0668458 0.0349836 0.0000139 -0.0976606 -0.1003849 -0.0809569 -0.0885513 -0.1005603 -0.0962566 -0.0949756 -0.1138856 -0.1114473 -0.1093601 -0.1161902 -0.1096980 -0.0932599 -0.0961258 -0.1175612 -0.0761316 -0.0811378 -0.0829547 -0.0754461 -0.0894669 -0.0823846 -0.0832424 -0.0751900 -0.0470693 -0.0466926 -0.0461494 -0.0463170 -0.0485213 -0.0461754 0.0375809 -0.0410690 -0.0392894 -0.0362926 -0.0419940 -0.0419631 -0.0338567 -0.0417349 0.0571075 0.0554247 0.0555067 0.0557100 0.0569906 0.0550739 0.0578907 0.0539628 0.0532361 0.0536414 -0.0348276 -0.0339767 -0.0328445 -0.0509724 -0.0398250 -0.0273705
0.0105840 -0.0013157 -0.0178417 0.0128531 0.0587259 0.0621729 0.0673125 0.0686377 0.0635244 0.0767774 0.0795712 0.0784629 0.0495795 0.0818281 0.9316206 0.0816567 0.0811258 0.0805576 0.0828867 0.0799185 0.0797217 0.0866827 0.0648823 0.0805169 0.0798307 0.0811826 0.0830753 0.0615830 0.0073534 0.0575518 0.0629552 -0.0069110 -0.0055918 0.0085809 -0.0059501 0.0006059 0.0585123 -0.0026969 -0.0033724 -0.0037979 -0.0041426 0.0585156 0.0587169 0.0165079 0.0036934 -0.0014866 -0.0030492 -0.0033163 -0.0051241 -0.0073515 -0.0089740 -0.0056959 0.0552984 0.0241172 0.0570171 0.0538995 0.0548312 0.0272626 0.0565556 0.0537962 0.0574967 0.0505572 0.0170551 0.0008166 0.0093328 0.0008085 0.0110194 0.0242528 0.0627720 0.0606464 0.0123044 0.0591059 0.0204290 0.0657325 0.0765361 0.0773856 0.0770372 0.0799049 0.0799917 0.0759623 0.0752125 0.0763558 -0.0426986 -0.0667424 -0.0620139 -0.0633928 -0.0426696 -0.0636190 0.0400129 0.0000067 -0.0962210 -0.0984009 -0.0774326 -0.0856609 -0.0992654 -0.0960730 -0.0915883 -0.1133445 -0.1084506 -0.1068307 -0.1159505 -0.1084544 -0.0908757 -0.0929514 -0.1153783 -0.0729381 -0.0784029 -0.0819078 -0.0721265 -0.0887860 -0.0793695 -0.0808515 -0.0716359 -0.0444486 -0.0415521 -0.0434710 -0.0442608 -0.0443676 -0.0432391 0.0361557 -0.0385294 -0.0367221 -0.0343180 -0.0403841 -0.0394261 -0.0314255 -0.0383803 0.0539848 0.0580864 0.0523498 0.0521070 0.0555518 0.0555152 0.0578549 0.0517879 0.0516397 0.0524032 -0.0309954 -0.0311183 -0.0307227 -0.0487583 -0.0368210 -0.0253583
0.0091768 -0.0034252 -0.0203283 0.0122768 0.0563955 0.0620144 0.0689349 0.0701897 0.0631638 0.0784372 0.0847454 0.0837317 0.0476680 0.0908307 0.0816567 0.9225708 0.0840196 0.0838718 0.0843528 0.0833831 0.0859901 0.0852495 0.0648292 0.0846005 0.0820452 0.0852146 0.0887840 0.0617614 0.0065522 0.0572487 0.0640156 -0.0087983 -0.0074301 0.0078105 -0.0081622 -0.0004577 0.0582330 -0.0040641 -0.0052316 -0.0052112 -0.0054746 0.0582676 0.0592039 0.0160544 0.0024939 -0.0029767 -0.0045943 -0.0043129 -0.0074167 -0.0091709 -0.0104591 -0.0071963 0.0545410 0.0233372 0.0563303 0.0538233 0.0544590 0.0263856 0.0561107 0.0531150 0.0585242 0.0497061 0.0168719 -0.0006987 0.0095146 -0.0005493 0.0112960 0.0236925 0.0649644 0.0606939 0.0127724 0.0612792 0.0211244 0.0681587 0.0780817 0.0790636 0.0772382 0.0810398 0.0794186 0.0793976 0.0775545 0.0771586 -0.0448505 -0.0690534 -0.0644985 -0.0660007 -0.0445339 -0.0660323 0.0356717 0.0000022 -0.0989609 -0.1003533 -0.0799859 -0.0875851 -0.1005974 -0.0973942 -0.0943447 -0.1145745 -0.1104534 -0.1089356 -0.1172520 -0.1104231 -0.0925039 -0.0951638 -0.1166648 -0.0754287 -0.0809113 -0.0841896 -0.0747171 -0.0902834 -0.0818275 -0.0829814 -0.0740403 -0.0454040 -0.0437763 -0.0450321 -0.0455677 -0.0479140 -0.0450015 0.0373844 -0.0403022 -0.0385479 -0.0359073 -0.0415847 -0.0406963 -0.0321764 -0.0401285 0.0563395 0.0607690 0.0556478 0.0529725 0.0568604 0.0568124 0.0569278 0.0547882 0.0534111 0.0544423 -0.0333126 -0.0333077 -0.0323847 -0.0512453 -0.0391013 -0.0273255
0.0105149 -0.0018781 -0.0188265 0.0133158 0.0617916 0.0643479 0.0703149 0.0722884 0.0672399 0.0841757 0.0912993 0.0855315 0.0520604 0.0898831 0.0811258 0.0840196 0.7452757 0.0918022 0.0861556 0.0914410 0.0808076 0.0898768 0.0678932 0.0870165 0.0901095 0.0863506 0.0929219 0.0635823 0.0075162 0.0607162 0.0647588 -0.0065160 -0.0064684 0.0095858 -0.0071138 0.0004653 0.0604719 -0.0025697 -0.0034955 -0.0037086 -0.0054649 0.0611776 0.0609546 0.0175571 0.0027422 -0.0012294 -0.0039596 -0.0035756 -0.0053483 -0.0089472 -0.0088623 -0.0063351 0.0574854 0.0241298 0.0600402 0.0554361 0.0569324 0.0272467 0.0577687 0.0542023 0.0601525 0.0521050 0.0177186 0.0003080 0.0096879 0.0006697 0.0114728 0.0239077 0.0657202 0.0632017 0.0128846 0.0618778 0.0213634 0.0688055 0.0795417 0.0801894 0.0815145 0.0829205 0.0811054 0.0803138 0.0786242 0.0780518 -0.0443030 -0.0691479 -0.0644328 -0.0662698 -0.0445234 -0.0659535 0.0362552 0.0000034 -0.0998045 -0.1026549 -0.0813241 -0.0886247 -0.1037010 -0.0990372 -0.0961390 -0.1172029 -0.1137344 -0.1111970 -0.1198108 -0.1125141 -0.0951641 -0.0966637 -0.1198238 -0.0756808 -0.0815484 -0.0849982 -0.0760174 -0.0916533 -0.0832477 -0.0837181 -0.0755670 -0.0454867 -0.0442977 -0.0447338 -0.0451024 -0.0471845 -0.0458555 0.0380029 -0.0402095 -0.0382964 -0.0358280 -0.0415278 -0.0411719 -0.0325516 -0.0407634 0.0554045 0.0591797 0.0550778 0.0540365 0.0585927 0.0558384 0.0572485 0.0542826 0.0536845 0.0534410 -0.0330184 -0.0320036 -0.0318978 -0.0505631 -0.0388107 -0.0259302
0.0087652 -0.0053096 -0.0231334 0.0121415 0.0551363 0.0605558 0.0703433 0.0718271 0.0637919 0.0923752 0.0942511 0.0856428 0.0440254 0.0872575 0.0805576 0.0838718 0.0918022 0.8074967 0.1239737 0.1051060 0.0802042 0.0879540 0.0680350 0.0860598 0.0899431 0.0876014 0.0937282 0.0616616 0.0053429 0.0573775 0.0638504 -0.0087046 -0.0088700 0.0079396 -0.0092070 -0.0012951 0.0559900 -0.0050192 -0.0055925 -0.0058557 -0.0069940 0.0584523 0.0603915 0.0152193 0.0014819 -0.0035715 -0.0063660 -0.0046012 -0.0078451 -0.0115884 -0.0119860 -0.0084280 0.0554749 0.0223529 0.0569819 0.0522045 0.0536122 0.0262136 0.0555870 0.0512177 0.0572172 0.0489637 0.0171889 -0.0017846 0.0098513 -0.0022314 0.0116460 0.0225481 0.0672708 0.0600953 0.0132313 0.0633925 0.0218797 0.0703019 0.0798183 0.0811663 0.0772534 0.0833279 0.0831670 0.0804541 0.0801465 0.0799987 -0.0460268 -0.0699929 -0.0663564 -0.0676506 -0.0461044 -0.0674950 0.0348907 -0.0000035 -0.0994937 -0.1031757 -0.0823409 -0.0889288 -0.1032231 -0.0982134 -0.0970156 -0.1153285 -0.1132383 -0.1120891 -0.1187471 -0.1121124 -0.0941202 -0.0971871 -0.1190436 -0.0768588 -0.0829601 -0.0855348 -0.0766729 -0.0918323 -0.0834826 -0.0843748 -0.0769192 -0.0478899 -0.0459380 -0.0481950 -0.0475294 -0.0497001 -0.0467873 0.0385194 -0.0421321 -0.0404825 -0.0369913 -0.0433713 -0.0427943 -0.0346971 -0.0430370 0.0535821 0.0565012 0.0545183 0.0525381 0.0572246 0.0563628 0.0555554 0.0533051 0.0519239 0.0517479 -0.0354711 -0.0346563 -0.0330937 -0.0520583 -0.0399891 -0.0277390
0.0080880 -0.0038938 -0.0213927 0.0127321 0.0549527 0.0609230 0.0703880 0.0716165 0.0641842 0.0803293 0.0917060 0.0839949 0.0458094 0.0878779 0.0828867 0.0843528 0.0861556 0.1239737 0.8880717 0.0955390 0.0819782 0.0934634 0.0689521 0.0878939 0.0863923 0.0851227 0.0913233 0.0618044 0.0059717 0.0579327 0.0633784 -0.0089182 -0.0089176 0.0079660 -0.0079767 -0.0011816 0.0552785 -0.0050686 -0.0057197 -0.0059469 -0.0062654 0.0580854 0.0597563 0.0159235 0.0021474 -0.0030459 -0.0052828 -0.0048703 -0.0078537 -0.0097791 -0.0117257 -0.0081926 0.0553769 0.0227970 0.0563295 0.0541893 0.0550450 0.0258542 0.0562932 0.0518982 0.0585011 0.0496052 0.0172225 -0.0017034 0.0097989 -0.0019068 0.0115492 0.0237427 0.0665875 0.0608825 0.0130999 0.0629575 0.0216834 0.0698098 0.0808416 0.0792482 0.0797981 0.0833875 0.0827266 0.0771181 0.0796193 0.0791587 -0.0458817 -0.0708996 -0.0661908 -0.0676581 -0.0456482 -0.0676079 0.0351605 0.0000019 -0.0996425 -0.1013734 -0.0808206 -0.0891413 -0.1020407 -0.0979808 -0.0956443 -0.1161340 -0.1125496 -0.1111906 -0.1191753 -0.1117367 -0.0930561 -0.0965309 -0.1188199 -0.0772749 -0.0823540 -0.0856358 -0.0760428 -0.0922486 -0.0829504 -0.0846627 -0.0757332 -0.0476515 -0.0452884 -0.0478220 -0.0478554 -0.0486045 -0.0458851 0.0382304 -0.0412724 -0.0395831 -0.0369590 -0.0434985 -0.0421457 -0.0338314 -0.0412486 0.0570743 0.0576586 0.0532481 0.0530963 0.0575558 0.0550363 0.0564123 0.0557427 0.0518321 0.0557316 -0.0344707 -0.0343040 -0.0334780 -0.0522841 -0.0404091 -0.0275437
0.0088816 -0.0047133 -0.0234425 0.0125766 0.0563839 0.0614922 0.0699323 0.0721083 0.0652129 0.0916681 0.0950945 0.0875873 0.0482525 0.0885251 0.0799185 0.0833831 0.0914410 0.1051060 0.0955390 0.8758870 0.0833608 0.0889518 0.0673003 0.0940882 0.0874689 0.0936446 0.0927971 0.0627678 0.0055766 0.0587561 0.0636795 -0.0085142 -0.0078486 0.0080567 -0.0085162 -0.0007816 0.0572079 -0.0043428 -0.0049980 -0.0045551 -0.0065920 0.0595670 0.0590779 0.0157031 0.0013496 -0.0028733 -0.0055121 -0.0045170 -0.0068827 -0.0103519 -0.0116260 -0.0087493 0.0559846 0.0223165 0.0579858 0.0528550 0.0550749 0.0264481 0.0558643 0.0517115 0.0575761 0.0513995 0.0171863 -0.0020732 0.0098581 -0.0019782 0.0116271 0.0223879 0.0669873 0.0610811 0.0131899 0.0632948 0.0218259 0.0701868 0.0791072 0.0793964 0.0803253 0.0832542 0.0813715 0.0800817 0.0799401 0.0787786 -0.0461990 -0.0706224 -0.0662936 -0.0682357 -0.0462676 -0.0677489 0.0332261 -0.0000048 -0.1000881 -0.1025942 -0.0820627 -0.0891375 -0.1033094 -0.0975884 -0.0965727 -0.1162441 -0.1129473 -0.1121820 -0.1193025 -0.1121036 -0.0945780 -0.0978420 -0.1195100 -0.0770036 -0.0828097 -0.0851957 -0.0771831 -0.0919308 -0.0841810 -0.0842785 -0.0765140 -0.0478675 -0.0461727 -0.0461277 -0.0475133 -0.0492498 -0.0468748 0.0385182 -0.0419702 -0.0403548 -0.0371546 -0.0428462 -0.0428842 -0.0346633 -0.0421804 0.0553869 0.0568715 0.0571195 0.0533035 0.0580235 0.0560340 0.0569838 0.0551544 0.0507558 0.0543049 -0.0352557 -0.0343840 -0.0334647 -0.0523273 -0.0402923 -0.0279466
0.0112664 -0.0015363 -0.0175849 0.0129327 0.0595146 0.0622651 0.0674689 0.0691579 0.0642786 0.0771895 0.0828306 0.0777280 0.0489775 0.0839610 0.0797217 0.0859901 0.0808076 0.0802042 0.0819782 0.0833608 0.8619743 0.0867789 0.0653707 0.0815904 0.0807841 0.0811739 0.0860162 0.0614694 0.0078751 0.0585161 0.0630093 -0.0059030 -0.0055743 0.0093500 -0.0059189 0.0006517 0.0581347 -0.0022702 -0.0030032 -0.0032886 -0.0042620 0.0582067 0.0584031 0.0168953 0.0035282 -0.0011712 -0.0030083 -0.0027127 -0.0050951 -0.0069760 -0.0078172 -0.0060421 0.0555241 0.0240367 0.0577359 0.0545204 0.0557295 0.0271647 0.0561104 0.0537546 0.0588975 0.0514365 0.0170916 0.0010707 0.0093793 0.0010432 0.0110001 0.0240772 0.0628948 0.0610609 0.0123253 0.0592348 0.0204405 0.0658627 0.0772188 0.0781905 0.0765231 0.0795010 0.0793770 0.0779338 0.0752010 0.0754181 -0.0426022 -0.0664146 -0.0619735 -0.0635805 -0.0427231 -0.0634474 0.0378865 0.0000050 -0.0965772 -0.0990919 -0.0783086 -0.0859778 -0.1002551 -0.0955929 -0.0927777 -0.1145058 -0.1094803 -0.1075258 -0.1162252 -0.1090053 -0.0915656 -0.0934778 -0.1160276 -0.0733862 -0.0781820 -0.0821551 -0.0725283 -0.0885836 -0.0799549 -0.0809318 -0.0721988 -0.0433006 -0.0415040 -0.0419973 -0.0429090 -0.0456320 -0.0433734 0.0363474 -0.0381811 -0.0368668 -0.0342727 -0.0393691 -0.0393519 -0.0309539 -0.0384807 0.0541617 0.0566650 0.0537318 0.0526152 0.0559624 0.0528575 0.0556556 0.0530707 0.0502241 0.0533373 -0.0310320 -0.0308485 -0.0299766 -0.0484131 -0.0366751 -0.0248093
0.0098909 -0.0042986 -0.0208714 0.0126388 0.0570675 0.0642842 0.0699629 0.0715981 0.0645865 0.0823330 0.0856571 0.0836152 0.0466107 0.0888825 0.0866827 0.0852495 0.0898768 0.0879540 0.0934634 0.0889518 0.0867789 0.8381761 0.0671786 0.0866484 0.0849826 0.0864426 0.0941027 0.0624722 0.0066703 0.0588808 0.0645567 -0.0078409 -0.0076509 0.0085286 -0.0086341 0.0000284 0.0573427 -0.0043430 -0.0047908 -0.0047778 -0.0062545 0.0590716 0.0608352 0.0160530 0.0017517 -0.0021830 -0.0051591 -0.0046523 -0.0068349 -0.0103126 -0.0093589 -0.0082698 0.0565991 0.0227431 0.0577053 0.0535217 0.0540302 0.0257038 0.0568310 0.0526040 0.0574413 0.0496974 0.0173026 -0.0014272 0.0097666 -0.0006436 0.0115590 0.0231982 0.0664761 0.0622575 0.0130627 0.0625887 0.0216435 0.0696613 0.0812370 0.0807958 0.0835207 0.0836211 0.0839277 0.0794307 0.0794938 0.0806148 -0.0450997 -0.0699434 -0.0654977 -0.0675210 -0.0455665 -0.0663757 0.0372748 -0.0000011 -0.0998122 -0.1024386 -0.0819532 -0.0892481 -0.1042876 -0.0979515 -0.0964659 -0.1167901 -0.1134283 -0.1116842 -0.1189134 -0.1116009 -0.0951944 -0.0968341 -0.1195565 -0.0759315 -0.0818217 -0.0852752 -0.0766780 -0.0921559 -0.0829302 -0.0838588 -0.0761816 -0.0473052 -0.0455752 -0.0459265 -0.0457060 -0.0484787 -0.0472817 0.0381327 -0.0412613 -0.0392184 -0.0366493 -0.0426476 -0.0425510 -0.0340066 -0.0409860 0.0560719 0.0553411 0.0561893 0.0532169 0.0582980 0.0558252 0.0591501 0.0558432 0.0542934 0.0574024 -0.0344878 -0.0335050 -0.0328354 -0.0513314 -0.0395379 -0.0263178
0.0102221 -0.0012795 -0.0154854 0.0113018 0.0623059 0.0618638 0.0623732 0.0637292 0.0636305 0.0664192 0.0663750 0.0678353 0.0581569 0.0640903 0.0648823 0.0648292 0.0678932 0.0680350 0.0689521 0.0673003 0.0653707 0.0671786 0.8277772 0.0673014 0.0671317 0.0646468 0.0676017 0.0626821 0.0056981 0.0530038 0.0604481 -0.0051322 -0.0039966 0.0083278 -0.0048423 0.0010382 0.0593896 -0.0016302 -0.0021598 -0.0026629 -0.0040630 0.0533372 0.0537720 0.0147406 0.0034634 0.0000145 -0.0025129 -0.0013649 -0.0034258 -0.0062292 -0.0056233 -0.0046308 0.0508649 0.0209627 0.0518849 0.0488786 0.0498162 0.0236618 0.0506888 0.0477097 0.0514824 0.0477626 0.0151750 0.0011862 0.0082726 0.0017845 0.0098180 0.0209735 0.0564066 0.0620522 0.0110324 0.0530495 0.0182540 0.0581813 0.0655546 0.0652612 0.0628275 0.0657767 0.0663199 0.0650769 0.0661168 0.0654572 -0.0388162 -0.0595582 -0.0556901 -0.0577379 -0.0387519 -0.0569644 0.0302531 -0.0000068 -0.0866497 -0.0894412 -0.0706962 -0.0762505 -0.0899621 -0.0855930 -0.0835373 -0.1013559 -0.0989089 -0.0964569 -0.1039379 -0.0975618 -0.0834282 -0.0836331 -0.1047901 -0.0654725 -0.0702188 -0.0737127 -0.0660543 -0.0795792 -0.0724372 -0.0722627 -0.0650156 -0.0398558 -0.0382590 -0.0387814 -0.0398230 -0.0416682 -0.0400458 0.0323354 -0.0350519 -0.0335113 -0.0308050 -0.0367021 -0.0359909 -0.0290662 -0.0357522 0.0438541 0.0439371 0.0453364 0.0430268 0.0440004 0.0453463 0.0445205 0.0422252 0.0408990 0.0431858 -0.0299739 -0.0286310 -0.0279651 -0.0442657 -0.0338554 -0.0230336
0.0097952 -0.0033813 -0.0204761 0.0125916 0.0602460 0.0629260 0.0694624 0.0714973 0.0651202 0.0811551 0.0966425 0.1021795 0.0503777 0.0839165 0.0805169 0.0846005 0.0870165 0.0860598 0.0878939 0.0940882 0.0815904 0.0866484 0.0673014 0.8551561 0.0850758 0.0856364 0.0898853 0.0638578 0.0067204 0.0587199 0.0642647 -0.0080182 -0.0073793 0.0088372 -0.0078719 -0.0005423 0.0589864 -0.0036000 -0.0042864 -0.0045232 -0.0057508 0.0601324 0.0599798 0.0166964 0.0022828 -0.0021851 -0.0050509 -0.0035803 -0.0060313 -0.0094106 -0.0099148 -0.0071876 0.0574635 0.0235564 0.0572416 0.0548239 0.0558584 0.0265979 0.0572505 0.0536265 0.0576819 0.0511611 0.0173186 -0.0007517 0.0097301 -0.0013513 0.0114731 0.0232823 0.0659697 0.0625931 0.0129472 0.0621388 0.0214431 0.0690558 0.0772268 0.0785893 0.0821424 0.0820316 0.0806927 0.0793872 0.0785364 0.0787961 -0.0451994 -0.0692199 -0.0652019 -0.0671316 -0.0453744 -0.0662466 0.0341913 0.0000025 -0.0993646 -0.1015589 -0.0817261 -0.0881578 -0.1033627 -0.0974719 -0.0963845 -0.1160130 -0.1126190 -0.1111867 -0.1185245 -0.1115211 -0.0942260 -0.0970142 -0.1192570 -0.0757574 -0.0816573 -0.0850881 -0.0760105 -0.0912933 -0.0829665 -0.0831966 -0.0752525 -0.0461513 -0.0442433 -0.0454274 -0.0460328 -0.0482270 -0.0463073 0.0378830 -0.0406680 -0.0394697 -0.0363826 -0.0418769 -0.0417735 -0.0337259 -0.0410752 0.0552761 0.0573234 0.0563298 0.0520095 0.0564490 0.0553794 0.0557522 0.0539542 0.0545896 0.0550892 -0.0334127 -0.0331982 -0.0325171 -0.0512549 -0.0391132 -0.0268171
0.0107080 -0.0018376 -0.0185614 0.0131496 0.0590951 0.0642449 0.0687523 0.0708779 0.0655095 0.0827332 0.0850167 0.0820646 0.0513071 0.0841770 0.0798307 0.0820452 0.0901095 0.0899431 0.0863923 0.0874689 0.0807841 0.0849826 0.0671317 0.0850758 0.8635734 0.0855406 0.0907690 0.0630484 0.0069673 0.0591785 0.0644697 -0.0064883 -0.0058676 0.0093176 -0.0066140 0.0008198 0.0595333 -0.0023963 -0.0032637 -0.0033003 -0.0049666 0.0601458 0.0602869 0.0166946 0.0029663 -0.0006482 -0.0036419 -0.0027049 -0.0051219 -0.0081100 -0.0081576 -0.0062847 0.0570746 0.0240838 0.0591555 0.0550814 0.0562188 0.0268734 0.0564538 0.0533977 0.0591180 0.0522100 0.0173919 0.0008364 0.0095752 0.0005479 0.0112892 0.0243614 0.0645255 0.0625166 0.0126716 0.0608161 0.0209766 0.0676045 0.0796862 0.0794558 0.0822605 0.0822353 0.0796330 0.0793748 0.0773857 0.0781322 -0.0434547 -0.0676348 -0.0632319 -0.0649266 -0.0439778 -0.0645207 0.0345837 0.0000048 -0.0985447 -0.1013325 -0.0800708 -0.0866401 -0.1023130 -0.0977589 -0.0950579 -0.1153660 -0.1123584 -0.1101980 -0.1182727 -0.1109125 -0.0938009 -0.0955489 -0.1186443 -0.0743057 -0.0801253 -0.0834145 -0.0750690 -0.0901888 -0.0816292 -0.0816768 -0.0738215 -0.0435650 -0.0433251 -0.0440681 -0.0444995 -0.0466587 -0.0446955 0.0372582 -0.0396429 -0.0379889 -0.0353348 -0.0404443 -0.0405730 -0.0328051 -0.0398065 0.0556164 0.0553259 0.0542854 0.0524080 0.0568859 0.0533973 0.0567413 0.0520854 0.0526836 0.0520420 -0.0329589 -0.0322536 -0.0313749 -0.0496558 -0.0381915 -0.0259664
0.0078324 -0.0049284 -0.0226512 0.0125036 0.0556383 0.0626706 0.0694619 0.0711283 0.0627276 0.0919350 0.0928799 0.0900109 0.0420914 0.0882645 0.0811826 0.0852146 0.0863506 0.0876014 0.0851227 0.0936446 0.0811739 0.0864426 0.0646468 0.0856364 0.0855406 0.8439865 0.1002360 0.0632572 0.0053935 0.0563582 0.0643502 -0.0101924 -0.0101813 0.0066025 -0.0091285 -0.0017321 0.0542724 -0.0064367 -0.0065112 -0.0063399 -0.0072393 0.0571099 0.0582539 0.0144673 0.0014703 -0.0043430 -0.0068360 -0.0060379 -0.0086379 -0.0114939 -0.0127167 -0.0094733 0.0540019 0.0220952 0.0553663 0.0547605 0.0526324 0.0250356 0.0562386 0.0499322 0.0552058 0.0478035 0.0169736 -0.0020425 0.0097010 -0.0026997 0.0114978 0.0222401 0.0665934 0.0611712 0.0131070 0.0629666 0.0217361 0.0697301 0.0781907 0.0784130 0.0772566 0.0803038 0.0782738 0.0791082 0.0790164 0.0799592 -0.0464783 -0.0706905 -0.0658676 -0.0677705 -0.0459886 -0.0679531 0.0349330 0.0000058 -0.0988807 -0.1001862 -0.0809500 -0.0888640 -0.1004701 -0.0965458 -0.0942900 -0.1131067 -0.1110463 -0.1105812 -0.1174439 -0.1097704 -0.0909925 -0.0951112 -0.1167888 -0.0772695 -0.0829506 -0.0856827 -0.0769068 -0.0919716 -0.0829797 -0.0843389 -0.0755646 -0.0490234 -0.0461343 -0.0478929 -0.0477467 -0.0498652 -0.0462684 0.0381046 -0.0419244 -0.0402481 -0.0374731 -0.0436436 -0.0430071 -0.0346044 -0.0424951 0.0548759 0.0558944 0.0552661 0.0513275 0.0589304 0.0575675 0.0585258 0.0532271 0.0532458 0.0550870 -0.0361115 -0.0353655 -0.0341824 -0.0527177 -0.0413944 -0.0282785
